H_aff = [1,0,0;0,1,0;-1.201512084259294e-05,-8.256506154821589e-04,1]
H_metric=[1.005107059122294,0,0;-0.471328717630789,1.104490357930966,0;0,0,1]
imHLinf = [-1.201512084259294e-05;-8.256506154821589e-04;1]
orthogonalLines = [-4.318057583162107e-04,-6.743932629882388e-04,1;9.040141911479436e-06,-0.001109677419634,1]
angledLines = [-2.180114800589359e-04,-7.094024351124115e-04,1;-2.159253769286934e-05,-7.308243526817345e-04,1]
Hrect = [1.005107059122189,0,0;-0.471328717630670,1.104490357930936,0;-1.201512084259294e-05,-8.256506154821589e-04,1]
omega=[0.781718253455477,0,-0.375013917316723;0,1,-0.491312412252733;-0.375013917316723,-0.491312412252733,1.077209169330916]
K=[0.916007234153825,0,0.479730280902392;0,0.809886258063846,0.491312412252733;0,0,1]
camera_pos_m = [5.859405820659239;-17.803536022585913;1.500000000000000]
points_c_m = [0,0;0,10.251917384189463;15.772180591060714,10.251917384189463;15.772180591060714,0]
camera_orientation = [0.928023823514221,0.330358599451698,0.172148130278431;-0.232102805728356,0.151315825269733,0.960849524429275;0.291376166772563,-0.931647313521191,0.217101848554257]